b =

   1.0000
  -0.5000
  -1.0000
   1.0000
   0.5000
  -1.0000

b =

   1
   0
  -1
   0
   1

